5.0760000000000e-01
1.0152000000000e+00
1.5228000000000e+00
2.0304000000000e+00
2.5380000000000e+00
3.0456000000000e+00
3.5532000000000e+00
4.0608000000000e+00
4.5684000000000e+00
5.0760000000000e+00
5.5836000000000e+00
6.0912000000000e+00
6.5988000000000e+00
7.1064000000000e+00
7.6140000000000e+00
8.1216000000000e+00
8.6292000000000e+00
9.1368000000000e+00
9.6444000000000e+00
1.0152000000000e+01
1.0659600000000e+01
1.1167200000000e+01
1.1674800000000e+01
1.2182400000000e+01
1.2690000000000e+01
1.3197600000000e+01
1.3705200000000e+01
1.4212800000000e+01
1.4720400000000e+01
1.5228000000000e+01
1.5735600000000e+01
1.6243200000000e+01
1.6750800000000e+01
1.7258400000000e+01
1.7766000000000e+01
1.8273600000000e+01
1.8781200000000e+01
1.9288800000000e+01
1.9796400000000e+01
2.0304000000000e+01
2.0811600000000e+01
2.1319200000000e+01
2.1826800000000e+01
2.2334400000000e+01
2.2842000000000e+01
2.3349600000000e+01
2.3857200000000e+01
2.4364800000000e+01
2.4872400000000e+01
2.5380000000000e+01
2.5887600000000e+01
2.6395200000000e+01
2.6902800000000e+01
2.7410400000000e+01
2.7918000000000e+01
2.8425600000000e+01
2.8933200000000e+01
2.9440800000000e+01
2.9948400000000e+01
3.0456000000000e+01
3.0963600000000e+01
3.1471200000000e+01
3.1978800000000e+01
3.2486400000000e+01
3.2994000000000e+01
3.3501600000000e+01
3.4009200000000e+01
3.4516800000000e+01
3.5024400000000e+01
3.5532000000000e+01
3.6039600000000e+01
3.6547200000000e+01
3.7054800000000e+01
3.7562400000000e+01
3.8070000000000e+01
3.8577600000000e+01
3.9085200000000e+01
3.9592800000000e+01
4.0100400000000e+01
4.0608000000000e+01
4.1115600000000e+01
4.1623200000000e+01
4.2130800000000e+01
4.2638400000000e+01
4.3146000000000e+01
4.3653600000000e+01
4.4161200000000e+01
4.4668800000000e+01
4.5176400000000e+01
4.5684000000000e+01
4.6191600000000e+01
4.6699200000000e+01
4.7206800000000e+01
4.7714400000000e+01
4.8222000000000e+01
4.8729600000000e+01
4.9237200000000e+01
4.9744800000000e+01
5.0252400000000e+01
5.0760000000000e+01
5.1267600000000e+01
5.1775200000000e+01
5.2282800000000e+01
5.2790400000000e+01
5.3298000000000e+01
5.3805600000000e+01
5.4313200000000e+01
5.4820800000000e+01
5.5328400000000e+01
5.5836000000000e+01
5.6343600000000e+01
5.6851200000000e+01
5.7358800000000e+01
5.7866400000000e+01
5.8374000000000e+01
5.8881600000000e+01
5.9389200000000e+01
5.9896800000000e+01
6.0404400000000e+01
6.0912000000000e+01
6.1419600000000e+01
6.1927200000000e+01
6.2434800000000e+01
6.2942400000000e+01
6.3450000000000e+01
6.3957600000000e+01
6.4465200000000e+01
6.4972800000000e+01
6.5480400000000e+01
6.5988000000000e+01
6.6495600000000e+01
6.7003200000000e+01
6.7510800000000e+01
6.8018400000000e+01
6.8526000000000e+01
6.9033600000000e+01
6.9541200000000e+01
7.0048800000000e+01
7.0556400000000e+01
7.1064000000000e+01
7.1571600000000e+01
7.2079200000000e+01
7.2586800000000e+01
7.3094400000000e+01
7.3602000000000e+01
7.4109600000000e+01
7.4617200000000e+01
7.5124800000000e+01
7.5632400000000e+01
7.6140000000000e+01
7.6647600000000e+01
7.7155200000000e+01
7.7662800000000e+01
7.8170400000000e+01
7.8678000000000e+01
7.9185600000000e+01
7.9693200000000e+01
8.0200800000000e+01
8.0708400000000e+01
8.1216000000000e+01
8.1723600000000e+01
8.2231200000000e+01
8.2738800000000e+01
8.3246400000000e+01
8.3754000000000e+01
8.4261600000000e+01
8.4769200000000e+01
8.5276800000000e+01
8.5784400000000e+01
8.6292000000000e+01
8.6799600000000e+01
8.7307200000000e+01
8.7814800000000e+01
8.8322400000000e+01
8.8830000000000e+01
8.9337600000000e+01
8.9845200000000e+01
9.0352800000000e+01
9.0860400000000e+01
9.1368000000000e+01
9.1875600000000e+01
9.2383200000000e+01
9.2890800000000e+01
9.3398400000000e+01
9.3906000000000e+01
9.4413600000000e+01
9.4921200000000e+01
9.5428800000000e+01
9.5936400000000e+01
9.6444000000000e+01
9.6951600000000e+01
9.7459200000000e+01
9.7966800000000e+01
9.8474400000000e+01
9.8982000000000e+01
9.9489600000000e+01
9.9997200000000e+01
1.0050480000000e+02
1.0101240000000e+02
1.0152000000000e+02
1.0202760000000e+02
1.0253520000000e+02
1.0304280000000e+02
1.0355040000000e+02
1.0405800000000e+02
1.0456560000000e+02
1.0507320000000e+02
1.0558080000000e+02
1.0608840000000e+02
1.0659600000000e+02
1.0710360000000e+02
1.0761120000000e+02
1.0811880000000e+02
1.0862640000000e+02
1.0913400000000e+02
1.0964160000000e+02
1.1014920000000e+02
1.1065680000000e+02
1.1116440000000e+02
1.1167200000000e+02
1.1217960000000e+02
1.1268720000000e+02
1.1319480000000e+02
1.1370240000000e+02
1.1421000000000e+02
1.1471760000000e+02
1.1522520000000e+02
1.1573280000000e+02
1.1624040000000e+02
1.1674800000000e+02
1.1725560000000e+02
1.1776320000000e+02
1.1827080000000e+02
1.1877840000000e+02
1.1928600000000e+02
1.1979360000000e+02
1.2030120000000e+02
1.2080880000000e+02
1.2131640000000e+02
1.2182400000000e+02
1.2233160000000e+02
1.2283920000000e+02
1.2334680000000e+02
1.2385440000000e+02
1.2436200000000e+02
1.2486960000000e+02
1.2537720000000e+02
1.2588480000000e+02
1.2639240000000e+02
1.2690000000000e+02
1.2740760000000e+02
1.2791520000000e+02
1.2842280000000e+02
1.2893040000000e+02
1.2943800000000e+02
1.2994560000000e+02
1.3045320000000e+02
1.3096080000000e+02
1.3146840000000e+02
1.3197600000000e+02
1.3248360000000e+02
1.3299120000000e+02
1.3349880000000e+02
1.3400640000000e+02
1.3451400000000e+02
1.3502160000000e+02
1.3552920000000e+02
1.3603680000000e+02
1.3654440000000e+02
1.3705200000000e+02
1.3755960000000e+02
1.3806720000000e+02
1.3857480000000e+02
1.3908240000000e+02
1.3959000000000e+02
1.4009760000000e+02
1.4060520000000e+02
1.4111280000000e+02
1.4162040000000e+02
1.4212800000000e+02
1.4263560000000e+02
1.4314320000000e+02
1.4365080000000e+02
1.4415840000000e+02
1.4466600000000e+02
1.4517360000000e+02
1.4568120000000e+02
1.4618880000000e+02
1.4669640000000e+02
1.4720400000000e+02
1.4771160000000e+02
1.4821920000000e+02
1.4872680000000e+02
1.4923440000000e+02
1.4974200000000e+02
1.5024960000000e+02
1.5075720000000e+02
1.5126480000000e+02
1.5177240000000e+02
1.5228000000000e+02
1.5278760000000e+02
1.5329520000000e+02
1.5380280000000e+02
1.5431040000000e+02
1.5481800000000e+02
1.5532560000000e+02
1.5583320000000e+02
1.5634080000000e+02
1.5684840000000e+02
1.5735600000000e+02
1.5786360000000e+02
1.5837120000000e+02
1.5887880000000e+02
1.5938640000000e+02
1.5989400000000e+02
1.6040160000000e+02
1.6090920000000e+02
1.6141680000000e+02
1.6192440000000e+02
1.6243200000000e+02
1.6293960000000e+02
1.6344720000000e+02
1.6395480000000e+02
1.6446240000000e+02
1.6497000000000e+02
1.6547760000000e+02
1.6598520000000e+02
1.6649280000000e+02
1.6700040000000e+02
1.6750800000000e+02
1.6801560000000e+02
1.6852320000000e+02
1.6903080000000e+02
1.6953840000000e+02
1.7004600000000e+02
1.7055360000000e+02
1.7106120000000e+02
1.7156880000000e+02
1.7207640000000e+02
1.7258400000000e+02
1.7309160000000e+02
1.7359920000000e+02
1.7410680000000e+02
1.7461440000000e+02
1.7512200000000e+02
1.7562960000000e+02
1.7613720000000e+02
1.7664480000000e+02
1.7715240000000e+02
1.7766000000000e+02
1.7816760000000e+02
1.7867520000000e+02
1.7918280000000e+02
1.7969040000000e+02
1.8019800000000e+02
1.8070560000000e+02
1.8121320000000e+02
1.8172080000000e+02
1.8222840000000e+02
1.8273600000000e+02
1.8324360000000e+02
1.8375120000000e+02
1.8425880000000e+02
1.8476640000000e+02
1.8527400000000e+02
1.8578160000000e+02
1.8628920000000e+02
1.8679680000000e+02
1.8730440000000e+02
1.8781200000000e+02
1.8831960000000e+02
1.8882720000000e+02
1.8933480000000e+02
1.8984240000000e+02
1.9035000000000e+02
1.9085760000000e+02
1.9136520000000e+02
1.9187280000000e+02
1.9238040000000e+02
1.9288800000000e+02
1.9339560000000e+02
1.9390320000000e+02
1.9441080000000e+02
1.9491840000000e+02
1.9542600000000e+02
1.9593360000000e+02
1.9644120000000e+02
1.9694880000000e+02
1.9745640000000e+02
1.9796400000000e+02
1.9847160000000e+02
1.9897920000000e+02
1.9948680000000e+02
1.9999440000000e+02
2.0050200000000e+02
2.0100960000000e+02
2.0151720000000e+02
2.0202480000000e+02
2.0253240000000e+02
2.0304000000000e+02
2.0354760000000e+02
2.0405520000000e+02
2.0456280000000e+02
2.0507040000000e+02
2.0557800000000e+02
2.0608560000000e+02
2.0659320000000e+02
2.0710080000000e+02
2.0760840000000e+02
2.0811600000000e+02
2.0862360000000e+02
2.0913120000000e+02
2.0963880000000e+02
2.1014640000000e+02
2.1065400000000e+02
2.1116160000000e+02
2.1166920000000e+02
2.1217680000000e+02
2.1268440000000e+02
2.1319200000000e+02
2.1369960000000e+02
2.1420720000000e+02
2.1471480000000e+02
2.1522240000000e+02
2.1573000000000e+02
2.1623760000000e+02
2.1674520000000e+02
2.1725280000000e+02
2.1776040000000e+02
2.1826800000000e+02
2.1877560000000e+02
2.1928320000000e+02
2.1979080000000e+02
2.2029840000000e+02
2.2080600000000e+02
2.2131360000000e+02
2.2182120000000e+02
2.2232880000000e+02
2.2283640000000e+02
2.2334400000000e+02
2.2385160000000e+02
2.2435920000000e+02
2.2486680000000e+02
2.2537440000000e+02
2.2588200000000e+02
2.2638960000000e+02
2.2689720000000e+02
2.2740480000000e+02
2.2791240000000e+02
2.2842000000000e+02
2.2892760000000e+02
2.2943520000000e+02
2.2994280000000e+02
2.3045040000000e+02
2.3095800000000e+02
2.3146560000000e+02
2.3197320000000e+02
2.3248080000000e+02
2.3298840000000e+02
2.3349600000000e+02
2.3400360000000e+02
2.3451120000000e+02
2.3501880000000e+02
2.3552640000000e+02
2.3603400000000e+02
2.3654160000000e+02
2.3704920000000e+02
2.3755680000000e+02
2.3806440000000e+02
2.3857200000000e+02
2.3907960000000e+02
2.3958720000000e+02
2.4009480000000e+02
2.4060240000000e+02
2.4111000000000e+02
2.4161760000000e+02
2.4212520000000e+02
2.4263280000000e+02
2.4314040000000e+02
2.4364800000000e+02
2.4415560000000e+02
2.4466320000000e+02
2.4517080000000e+02
2.4567840000000e+02
2.4618600000000e+02
2.4669360000000e+02
2.4720120000000e+02
2.4770880000000e+02
2.4821640000000e+02
2.4872400000000e+02
2.4923160000000e+02
2.4973920000000e+02
2.5024680000000e+02
2.5075440000000e+02
2.5126200000000e+02
2.5176960000000e+02
2.5227720000000e+02
2.5278480000000e+02
2.5329240000000e+02
2.5380000000000e+02
2.5430760000000e+02
2.5481520000000e+02
2.5532280000000e+02
2.5583040000000e+02
2.5633800000000e+02
2.5684560000000e+02
2.5735320000000e+02
2.5786080000000e+02
2.5836840000000e+02
2.5887600000000e+02
2.5938360000000e+02
2.5989120000000e+02
2.6039880000000e+02
2.6090640000000e+02
2.6141400000000e+02
2.6192160000000e+02
2.6242920000000e+02
2.6293680000000e+02
2.6344440000000e+02
2.6395200000000e+02
2.6445960000000e+02
2.6496720000000e+02
2.6547480000000e+02
2.6598240000000e+02
2.6649000000000e+02
2.6699760000000e+02
2.6750520000000e+02
2.6801280000000e+02
2.6852040000000e+02
2.6902800000000e+02
2.6953560000000e+02
2.7004320000000e+02
2.7055080000000e+02
2.7105840000000e+02
2.7156600000000e+02
2.7207360000000e+02
2.7258120000000e+02
2.7308880000000e+02
2.7359640000000e+02
2.7410400000000e+02
2.7461160000000e+02
2.7511920000000e+02
2.7562680000000e+02
2.7613440000000e+02
2.7664200000000e+02
2.7714960000000e+02
2.7765720000000e+02
2.7816480000000e+02
2.7867240000000e+02
2.7918000000000e+02
2.7968760000000e+02
2.8019520000000e+02
2.8070280000000e+02
2.8121040000000e+02
2.8171800000000e+02
2.8222560000000e+02
2.8273320000000e+02
2.8324080000000e+02
2.8374840000000e+02
2.8425600000000e+02
2.8476360000000e+02
2.8527120000000e+02
2.8577880000000e+02
2.8628640000000e+02
2.8679400000000e+02
2.8730160000000e+02
2.8780920000000e+02
2.8831680000000e+02
2.8882440000000e+02
2.8933200000000e+02
2.8983960000000e+02
2.9034720000000e+02
2.9085480000000e+02
2.9136240000000e+02
2.9187000000000e+02
2.9237760000000e+02
2.9288520000000e+02
2.9339280000000e+02
2.9390040000000e+02
2.9440800000000e+02
2.9491560000000e+02
2.9542320000000e+02
2.9593080000000e+02
2.9643840000000e+02
2.9694600000000e+02
2.9745360000000e+02
2.9796120000000e+02
2.9846880000000e+02
2.9897640000000e+02
2.9948400000000e+02
2.9999160000000e+02
3.0049920000000e+02
3.0100680000000e+02
3.0151440000000e+02
3.0202200000000e+02
3.0252960000000e+02
3.0303720000000e+02
3.0354480000000e+02
3.0405240000000e+02
3.0456000000000e+02
3.0506760000000e+02
3.0557520000000e+02
3.0608280000000e+02
3.0659040000000e+02
3.0709800000000e+02
3.0760560000000e+02
3.0811320000000e+02
3.0862080000000e+02
3.0912840000000e+02
3.0963600000000e+02
3.1014360000000e+02
3.1065120000000e+02
3.1115880000000e+02
3.1166640000000e+02
3.1217400000000e+02
3.1268160000000e+02
3.1318920000000e+02
3.1369680000000e+02
3.1420440000000e+02
3.1471200000000e+02
3.1521960000000e+02
3.1572720000000e+02
3.1623480000000e+02
3.1674240000000e+02
3.1725000000000e+02
3.1775760000000e+02
3.1826520000000e+02
3.1877280000000e+02
3.1928040000000e+02
3.1978800000000e+02
3.2029560000000e+02
3.2080320000000e+02
3.2131080000000e+02
3.2181840000000e+02
3.2232600000000e+02
3.2283360000000e+02
3.2334120000000e+02
3.2384880000000e+02
3.2435640000000e+02
3.2486400000000e+02
3.2537160000000e+02
3.2587920000000e+02
3.2638680000000e+02
3.2689440000000e+02
3.2740200000000e+02
3.2790960000000e+02
3.2841720000000e+02
3.2892480000000e+02
3.2943240000000e+02
3.2994000000000e+02
3.3044760000000e+02
3.3095520000000e+02
3.3146280000000e+02
3.3197040000000e+02
3.3247800000000e+02
3.3298560000000e+02
3.3349320000000e+02
3.3400080000000e+02
3.3450840000000e+02
3.3501600000000e+02
3.3552360000000e+02
3.3603120000000e+02
3.3653880000000e+02
3.3704640000000e+02
3.3755400000000e+02
3.3806160000000e+02
3.3856920000000e+02
3.3907680000000e+02
3.3958440000000e+02
3.4009200000000e+02
3.4059960000000e+02
3.4110720000000e+02
3.4161480000000e+02
3.4212240000000e+02
3.4263000000000e+02
3.4313760000000e+02
3.4364520000000e+02
3.4415280000000e+02
3.4466040000000e+02
3.4516800000000e+02
3.4567560000000e+02
3.4618320000000e+02
3.4669080000000e+02
3.4719840000000e+02
3.4770600000000e+02
3.4821360000000e+02
3.4872120000000e+02
3.4922880000000e+02
3.4973640000000e+02
3.5024400000000e+02
3.5075160000000e+02
3.5125920000000e+02
3.5176680000000e+02
3.5227440000000e+02
3.5278200000000e+02
3.5328960000000e+02
3.5379720000000e+02
3.5430480000000e+02
3.5481240000000e+02
3.5532000000000e+02
3.5582760000000e+02
3.5633520000000e+02
3.5684280000000e+02
3.5735040000000e+02
3.5785800000000e+02
3.5836560000000e+02
3.5887320000000e+02
3.5938080000000e+02
3.5988840000000e+02
3.6039600000000e+02
3.6090360000000e+02
3.6141120000000e+02
3.6191880000000e+02
3.6242640000000e+02
3.6293400000000e+02
3.6344160000000e+02
3.6394920000000e+02
3.6445680000000e+02
3.6496440000000e+02
3.6547200000000e+02
3.6597960000000e+02
3.6648720000000e+02
3.6699480000000e+02
3.6750240000000e+02
3.6801000000000e+02
3.6851760000000e+02
3.6902520000000e+02
3.6953280000000e+02
3.7004040000000e+02
3.7054800000000e+02
3.7105560000000e+02
3.7156320000000e+02
3.7207080000000e+02
3.7257840000000e+02
3.7308600000000e+02
3.7359360000000e+02
3.7410120000000e+02
3.7460880000000e+02
3.7511640000000e+02
3.7562400000000e+02
3.7613160000000e+02
3.7663920000000e+02
3.7714680000000e+02
3.7765440000000e+02
3.7816200000000e+02
3.7866960000000e+02
3.7917720000000e+02
3.7968480000000e+02
3.8019240000000e+02
3.8070000000000e+02
3.8120760000000e+02
3.8171520000000e+02
3.8222280000000e+02
3.8273040000000e+02
3.8323800000000e+02
3.8374560000000e+02
3.8425320000000e+02
3.8476080000000e+02
3.8526840000000e+02
3.8577600000000e+02
3.8628360000000e+02
3.8679120000000e+02
3.8729880000000e+02
3.8780640000000e+02
3.8831400000000e+02
3.8882160000000e+02
3.8932920000001e+02
3.8983680000001e+02
3.9034440000001e+02
3.9085200000001e+02
3.9135960000001e+02
3.9186720000001e+02
3.9237480000001e+02
3.9288240000001e+02
3.9339000000001e+02
3.9389760000001e+02
3.9440520000001e+02
3.9491280000001e+02
3.9542040000001e+02
3.9592800000001e+02
3.9643560000001e+02
3.9694320000001e+02
3.9745080000001e+02
3.9795840000001e+02
3.9846600000001e+02
3.9897360000001e+02
3.9948120000001e+02
3.9998880000001e+02
4.0049640000001e+02
4.0100400000001e+02
4.0151160000001e+02
4.0201920000001e+02
4.0252680000001e+02
4.0303440000001e+02
4.0354200000001e+02
4.0404960000001e+02
4.0455720000001e+02
4.0506480000001e+02
4.0557240000001e+02
4.0608000000001e+02
4.0658760000001e+02
4.0709520000001e+02
4.0760280000001e+02
4.0811040000001e+02
4.0861800000001e+02
4.0912560000001e+02
4.0963320000001e+02
4.1014080000001e+02
4.1064840000001e+02
4.1115600000001e+02
4.1166360000001e+02
4.1217120000001e+02
4.1267880000001e+02
4.1318640000001e+02
4.1369400000001e+02
4.1420160000001e+02
4.1470920000001e+02
4.1521680000001e+02
4.1572440000001e+02
4.1623200000001e+02
4.1673960000001e+02
4.1724720000001e+02
4.1775480000001e+02
4.1826240000001e+02
4.1877000000001e+02
4.1927760000001e+02
4.1978520000001e+02
4.2029280000001e+02
4.2080040000001e+02
4.2130800000001e+02
4.2181560000001e+02
4.2232320000001e+02
4.2283080000001e+02
4.2333840000001e+02
4.2384600000001e+02
4.2435360000001e+02
4.2486120000001e+02
4.2536880000001e+02
4.2587640000001e+02
4.2638400000001e+02
4.2689160000001e+02
4.2739920000001e+02
4.2790680000001e+02
4.2841440000001e+02
4.2892200000001e+02
4.2942960000001e+02
4.2993720000001e+02
4.3044480000001e+02
4.3095240000001e+02
4.3146000000001e+02
4.3196760000001e+02
4.3247520000001e+02
4.3298280000001e+02
4.3349040000001e+02
4.3399800000001e+02
4.3450560000001e+02
4.3501320000001e+02
4.3552080000001e+02
4.3602840000001e+02
4.3653600000001e+02
4.3704360000001e+02
4.3755120000001e+02
4.3805880000001e+02
4.3856640000001e+02
4.3907400000001e+02
4.3958160000001e+02
4.4008920000001e+02
4.4059680000001e+02
4.4110440000001e+02
4.4161200000001e+02
4.4211960000001e+02
4.4262720000001e+02
4.4313480000001e+02
4.4364240000001e+02
4.4415000000001e+02
4.4465760000001e+02
4.4516520000001e+02
4.4567280000001e+02
4.4618040000001e+02
4.4668800000001e+02
4.4719560000001e+02
4.4770320000001e+02
4.4821080000001e+02
4.4871840000001e+02
4.4922600000001e+02
4.4973360000001e+02
4.5024120000001e+02
4.5074880000001e+02
4.5125640000001e+02
4.5176400000001e+02
4.5227160000001e+02
4.5277920000001e+02
4.5328680000001e+02
4.5379440000001e+02
4.5430200000001e+02
4.5480960000001e+02
4.5531720000001e+02
4.5582480000001e+02
4.5633240000001e+02
4.5684000000001e+02
4.5734760000001e+02
4.5785520000001e+02
4.5836280000001e+02
4.5887040000001e+02
4.5937800000001e+02
4.5988560000001e+02
4.6039320000001e+02
4.6090080000001e+02
4.6140840000001e+02
4.6191600000001e+02
4.6242360000001e+02
4.6293120000001e+02
4.6343880000001e+02
4.6394640000001e+02
4.6445400000001e+02
4.6496160000001e+02
4.6546920000001e+02
4.6597680000001e+02
4.6648440000001e+02
4.6699200000001e+02
4.6749960000001e+02
4.6800720000001e+02
4.6851480000001e+02
4.6902240000001e+02
4.6953000000001e+02
4.7003760000001e+02
4.7054520000001e+02
4.7105280000001e+02
4.7156040000001e+02
4.7206800000001e+02
4.7257560000001e+02
4.7308320000001e+02
4.7359080000001e+02
4.7409840000001e+02
4.7460600000001e+02
4.7511360000001e+02
4.7562120000001e+02
4.7612880000001e+02
4.7663640000001e+02
4.7714400000001e+02
4.7765160000001e+02
4.7815920000001e+02
4.7866680000001e+02
4.7917440000001e+02
4.7968200000001e+02
4.8018960000001e+02
4.8069720000001e+02
4.8120480000001e+02
4.8171240000001e+02
4.8222000000001e+02
4.8272760000001e+02
4.8323520000001e+02
4.8374280000001e+02
4.8425040000001e+02
4.8475800000001e+02
4.8526560000001e+02
4.8577320000001e+02
4.8628080000001e+02
4.8678840000001e+02
4.8729600000001e+02
4.8780360000001e+02
4.8831120000001e+02
4.8881880000001e+02
4.8932640000001e+02
4.8983400000001e+02
4.9034160000001e+02
4.9084920000001e+02
4.9135680000001e+02
4.9186440000001e+02
4.9237200000001e+02
4.9287960000001e+02
4.9338720000001e+02
4.9389480000001e+02
4.9440240000001e+02
4.9491000000001e+02
4.9541760000001e+02
4.9592520000001e+02
4.9643280000001e+02
4.9694040000001e+02
4.9744800000001e+02
4.9795560000001e+02
4.9846320000001e+02
4.9897080000001e+02
4.9947840000001e+02
4.9998600000001e+02
5.0049360000001e+02
5.0100120000001e+02
5.0150880000001e+02
5.0201640000001e+02
5.0252400000001e+02
5.0303160000001e+02
5.0353920000001e+02
5.0404680000001e+02
5.0455440000001e+02
5.0506200000001e+02
5.0556960000001e+02
5.0607720000001e+02
5.0658480000001e+02
5.0709240000001e+02
5.0760000000001e+02
5.0810760000001e+02
5.0861520000001e+02
5.0912280000001e+02
5.0963040000001e+02
5.1013800000001e+02
5.1064560000001e+02
5.1115320000001e+02
5.1166080000001e+02
5.1216840000001e+02
5.1267600000001e+02
5.1318360000001e+02
5.1369120000001e+02
5.1419880000001e+02
5.1470640000001e+02
5.1521400000001e+02
5.1572160000001e+02
5.1622920000001e+02
5.1673680000001e+02
5.1724440000001e+02
5.1775200000001e+02
5.1825960000001e+02
5.1876720000001e+02
5.1927480000001e+02
5.1978240000001e+02
