0.01
0.011569
0.013384
0.015484
0.017913
0.020723
0.023974
0.027736
0.032087
0.037121
0.042945
0.049682
0.057477
0.066494
0.076926
0.088995
0.10296
0.11911
0.1378
0.15942
0.18443
0.21336
0.24683
0.28556
0.33036
0.38219
0.44215
0.51152
0.59177
0.68461
0.79202
0.91627
1.06
1.2263
1.4187
1.6413
1.8988
2.1967
2.5413
2.94
3.4013
3.9349
4.5523
5.2665
6.0927
7.0486
8.1544
9.4337
10.914
12.626
14.607
16.898
19.55
22.617
26.165
30.27
35.019
40.513
46.869
54.222
62.729
72.57
83.956
97.127
112.37
129.99
150.39
173.98
201.28
232.86
269.39
311.65
360.55
417.11
482.55
558.26
645.84
747.17
864.39
1000
