3.1713741374875e+01
3.1617149592926e+01
3.1442220368106e+01
3.1223934147914e+01
3.1007493715267e+01
3.0838080518646e+01
3.0751620968742e+01
3.0765304049722e+01
3.0870004831381e+01
3.1018139553794e+01
3.1118731676545e+01
3.1048410848505e+01
3.0671847089058e+01
2.9858050272164e+01
2.8500695773967e+01
2.6542994301254e+01
2.3998307979253e+01
2.0957285378326e+01
1.7585311841263e+01
1.4076265439708e+01
1.0615979209602e+01
7.3332288296282e+00
4.2480001734294e+00
1.2401629200551e+00
-1.8685282919163e+00
-5.1852028129033e+00
-8.6446186489760e+00
-1.1979082048960e+01
-1.4839528608958e+01
-1.6969217793120e+01
-1.8247545660014e+01
-1.8540574555053e+01
-1.7720724459644e+01
-1.5801306825495e+01
-1.3034928462812e+01
-9.8213649823396e+00
-6.5728714992019e+00
-3.6432099463517e+00
-1.2912284261356e+00
3.1204121514647e-01
1.1280230129331e+00
1.2304625204759e+00
7.7189561208629e-01
-3.0574508797531e-02
-9.9351937101591e-01
-2.0211265702244e+00
-3.0707860282092e+00
-4.0995828068516e+00
-5.0491576248079e+00
-5.8497442715154e+00
-6.4403040497074e+00
-6.7811636764031e+00
-6.8500955854844e+00
-6.6263125554207e+00
-6.0822458095535e+00
-5.2206758730575e+00
-4.0911197996363e+00
-2.6132731253413e+00
1.0784011344408e+00
1.3943943965091e+01
7.3880603164715e+01
3.7634508729724e+02
1.0358881621099e+03
1.4872208729032e+03
1.5491189578997e+03
1.1707506388522e+03
5.2090368735580e+02
1.5129151171031e+01
4.4842399769738e+00
1.2151643549408e+00
1.3621643397929e-01
-2.9611283057219e-01
-5.3382398071423e-01
-6.9488346175629e-01
-8.3218279628771e-01
-9.9904286075802e-01
-1.2477993842654e+00
-1.6084762024935e+00
-2.0649040025731e+00
-2.3255216867642e+00
